JSVM 9.19.14 BitStream Extractor 


Contained Layers:
====================

       Layer   Resolution   Framerate   Bitrate MinBitrate      DTQ
         0     352x288       3.7500     833.30      833.30   (0,0,0) 
         1     352x288       7.5000    1147.60     1147.60   (0,1,0) 
         2     352x288      15.0000    1501.70     1501.70   (0,2,0) 
         3     352x288      30.0000    1925.00     1925.00   (0,3,0) 
         4     704x576       3.7500    3363.00     3363.00   (1,0,0) 
         5     704x576       7.5000    4548.00     4548.00   (1,1,0) 
         6     704x576      15.0000    5950.00     5950.00   (1,2,0) 
         7     704x576      30.0000    7591.00     7591.00   (1,3,0) 
         8     704x576      60.0000    8605.00     8605.00   (1,4,0) 
         9     704x576       3.7500    4790.00               (1,0,1) 
        10     704x576       7.5000    6928.00               (1,1,1) 
        11     704x576      15.0000    9785.00               (1,2,1) 
        12     704x576      30.0000   13583.00               (1,3,1) 
        13     704x576      60.0000   16770.00               (1,4,1) 
Total Packet Size: 3493807


Number of input packets :  307
Number of output packets:  307
