JSVM 9.19.14 BitStream Extractor 


Contained Layers:
====================

       Layer   Resolution   Framerate   Bitrate MinBitrate      DTQ
         0     352x288       3.7500     920.90      920.90   (0,0,0) 
         1     352x288       7.5000    1170.00     1170.00   (0,1,0) 
         2     352x288      15.0000    1413.10     1413.10   (0,2,0) 
         3     352x288      30.0000    1704.00     1704.00   (0,3,0) 
         4     704x576       3.7500    4055.00     4055.00   (1,0,0) 
         5     704x576       7.5000    5228.00     5228.00   (1,1,0) 
         6     704x576      15.0000    6567.00     6567.00   (1,2,0) 
         7     704x576      30.0000    8126.00     8126.00   (1,3,0) 
         8     704x576      60.0000    9089.00     9089.00   (1,4,0) 
         9     704x576       3.7500    5711.00               (1,0,1) 
        10     704x576       7.5000    8095.00               (1,1,1) 
        11     704x576      15.0000   11463.00               (1,2,1) 
        12     704x576      30.0000   16258.00               (1,3,1) 
        13     704x576      60.0000   20840.00               (1,4,1) 
Total Packet Size: 1894220


Number of input packets :  307
Number of output packets:  207
