JSVM 9.19.14 BitStream Extractor 


Contained Layers:
====================

       Layer   Resolution   Framerate   Bitrate MinBitrate      DTQ
         0     352x288       3.7500     505.80      505.80   (0,0,0) 
         1     352x288       7.5000     606.70      606.70   (0,1,0) 
         2     352x288      15.0000     696.10      696.10   (0,2,0) 
         3     352x288      30.0000     791.50      791.50   (0,3,0) 
         4     704x576       3.7500    2128.00     2128.00   (1,0,0) 
         5     704x576       7.5000    2509.00     2509.00   (1,1,0) 
         6     704x576      15.0000    2885.00     2885.00   (1,2,0) 
         7     704x576      30.0000    3236.00     3236.00   (1,3,0) 
         8     704x576      60.0000    3456.00     3456.00   (1,4,0) 
         9     704x576       3.7500    3383.00               (1,0,1) 
        10     704x576       7.5000    4247.00               (1,1,1) 
        11     704x576      15.0000    5188.00               (1,2,1) 
        12     704x576      30.0000    6212.00               (1,3,1) 
        13     704x576      60.0000    6917.00               (1,4,1) 
Total Packet Size: 720798


Number of input packets :  307
Number of output packets:  207
