JSVM 9.19.14 BitStream Extractor 


Contained Layers:
====================

       Layer   Resolution   Framerate   Bitrate MinBitrate      DTQ
         0     352x288       3.7500     457.00      457.00   (0,0,0) 
         1     352x288       7.5000     609.60      609.60   (0,1,0) 
         2     352x288      15.0000     771.50      771.50   (0,2,0) 
         3     352x288      30.0000     947.60      947.60   (0,3,0) 
         4     704x576       3.7500    1780.00     1780.00   (1,0,0) 
         5     704x576       7.5000    2272.00     2272.00   (1,1,0) 
         6     704x576      15.0000    2831.00     2831.00   (1,2,0) 
         7     704x576      30.0000    3417.00     3417.00   (1,3,0) 
         8     704x576      60.0000    3777.00     3777.00   (1,4,0) 
         9     704x576       3.7500    2784.00               (1,0,1) 
        10     704x576       7.5000    3681.00               (1,1,1) 
        11     704x576      15.0000    4693.00               (1,2,1) 
        12     704x576      30.0000    5810.00               (1,3,1) 
        13     704x576      60.0000    6657.00               (1,4,1) 
Total Packet Size: 787591


Number of input packets :  307
Number of output packets:  207
