JSVM 9.19.14 BitStream Extractor 


Contained Layers:
====================

       Layer   Resolution   Framerate   Bitrate MinBitrate      DTQ
         0     352x288       3.7500     755.80      755.80   (0,0,0) 
         1     352x288       7.5000     938.20      938.20   (0,1,0) 
         2     352x288      15.0000    1100.00     1100.00   (0,2,0) 
         3     352x288      30.0000    1302.60     1302.60   (0,3,0) 
         4     704x576       3.7500    3346.00     3346.00   (1,0,0) 
         5     704x576       7.5000    4156.00     4156.00   (1,1,0) 
         6     704x576      15.0000    4973.00     4973.00   (1,2,0) 
         7     704x576      30.0000    5816.00     5816.00   (1,3,0) 
         8     704x576      60.0000    6314.00     6314.00   (1,4,0) 
         9     704x576       3.7500    5379.00               (1,0,1) 
        10     704x576       7.5000    7634.00               (1,1,1) 
        11     704x576      15.0000   10844.00               (1,2,1) 
        12     704x576      30.0000   15456.00               (1,3,1) 
        13     704x576      60.0000   20110.00               (1,4,1) 
Total Packet Size: 1316087


Number of input packets :  307
Number of output packets:  207
