JSVM 9.19.14 BitStream Extractor 


Contained Layers:
====================

       Layer   Resolution   Framerate   Bitrate MinBitrate      DTQ
         0     352x288       3.7500     682.20      682.20   (0,0,0) 
         1     352x288       7.5000     931.20      931.20   (0,1,0) 
         2     352x288      15.0000    1198.90     1198.90   (0,2,0) 
         3     352x288      30.0000    1526.20     1526.20   (0,3,0) 
         4     704x576       3.7500    2757.00     2757.00   (1,0,0) 
         5     704x576       7.5000    3653.00     3653.00   (1,1,0) 
         6     704x576      15.0000    4647.00     4647.00   (1,2,0) 
         7     704x576      30.0000    5741.00     5741.00   (1,3,0) 
         8     704x576      60.0000    6418.00     6418.00   (1,4,0) 
         9     704x576       3.7500    4516.00               (1,0,1) 
        10     704x576       7.5000    6552.00               (1,1,1) 
        11     704x576      15.0000    9270.00               (1,2,1) 
        12     704x576      30.0000   12923.00               (1,3,1) 
        13     704x576      60.0000   16151.00               (1,4,1) 
Total Packet Size: 3365681


Number of input packets :  307
Number of output packets:  307
