JSVM 9.19.14 BitStream Extractor 


Contained Layers:
====================

       Layer   Resolution   Framerate   Bitrate MinBitrate      DTQ
         0     352x288       3.7500     561.70      561.70   (0,0,0) 
         1     352x288       7.5000     755.30      755.30   (0,1,0) 
         2     352x288      15.0000     963.00      963.00   (0,2,0) 
         3     352x288      30.0000    1203.70     1203.70   (0,3,0) 
         4     704x576       3.7500    2246.00     2246.00   (1,0,0) 
         5     704x576       7.5000    2902.00     2902.00   (1,1,0) 
         6     704x576      15.0000    3636.00     3636.00   (1,2,0) 
         7     704x576      30.0000    4401.00     4401.00   (1,3,0) 
         8     704x576      60.0000    4920.00     4920.00   (1,4,0) 
         9     704x576       3.7500    3366.00               (1,0,1) 
        10     704x576       7.5000    4553.00               (1,1,1) 
        11     704x576      15.0000    5970.00               (1,2,1) 
        12     704x576      30.0000    7681.00               (1,3,1) 
        13     704x576      60.0000    8936.00               (1,4,1) 
