JSVM 9.19.14 BitStream Extractor 


Contained Layers:
====================

       Layer   Resolution   Framerate   Bitrate MinBitrate      DTQ
         0     352x288       3.7500     623.00      623.00   (0,0,0) 
         1     352x288       7.5000     754.80      754.80   (0,1,0) 
         2     352x288      15.0000     872.50      872.50   (0,2,0) 
         3     352x288      30.0000    1008.80     1008.80   (0,3,0) 
         4     704x576       3.7500    2715.00     2715.00   (1,0,0) 
         5     704x576       7.5000    3257.00     3257.00   (1,1,0) 
         6     704x576      15.0000    3789.00     3789.00   (1,2,0) 
         7     704x576      30.0000    4277.00     4277.00   (1,3,0) 
         8     704x576      60.0000    4621.00     4621.00   (1,4,0) 
         9     704x576       3.7500    4079.00               (1,0,1) 
        10     704x576       7.5000    5288.00               (1,1,1) 
        11     704x576      15.0000    6750.00               (1,2,1) 
        12     704x576      30.0000    8568.00               (1,3,1) 
        13     704x576      60.0000    9906.00               (1,4,1) 
Total Packet Size: 210768


Number of input packets :  307
Number of output packets:  103
